17.275000 29 1459 103
0.781000 29 1467 119
0.339000 29 1459 117
0.297000 29 1458 119
0.270000 29 1460 117
0.468000 29 1460 112
0.452000 30 1457 113
0.330000 30 1451 109
0.590000 30 1455 111
0.385000 30 1434 120
0.288000 30 1419 119
0.462000 31 1377 106
0.426000 31 1366 98
0.307000 30 1370 105
0.521000 30 1361 104
0.517000 30 1352 125
0.344000 30 1343 122
0.399000 30 1339 112
0.241000 27 1421 96
0.191000 20 1592 409
0.436000 25 1431 101
0.303000 25 1431 97
0.391000 27 1375 92
0.316000 30 1315 104
0.380000 29 1334 124
0.248000 29 1344 136
0.548000 30 1328 123
0.257000 31 1323 95
0.416000 31 1337 76
0.450000 32 1327 77
0.284000 32 1332 75
0.326000 32 1335 68
0.523000 32 1345 72
0.513000 34 1343 91
0.302000 33 1389 79
0.502000 34 1387 81
0.450000 33 1400 76
0.435000 32 1430 72
0.721000 33 1414 101
0.296000 34 1391 108
0.330000 34 1386 97
0.198000 33 1473 719
0.421000 32 1501 721
0.444000 33 1528 745
0.428000 33 1524 751
0.289000 33 1523 769
0.409000 32 1516 802
0.256000 32 1511 811
0.493000 33 1450 876
0.328000 32 1411 911
0.267000 31 1404 863
0.295000 33 1335 852
0.380000 32 1362 837
0.270000 32 1366 810
0.232000 31 1389 810
0.504000 31 1398 824
0.777000 31 1393 831
0.277000 33 1362 826
0.272000 32 1382 811
0.360000 32 1387 798
0.362000 29 1438 803
0.274000 30 1432 818
0.346000 32 1400 821
0.379000 31 1430 810
0.560000 31 1435 811
0.265000 31 1431 826
0.312000 31 1441 793
0.241000 32 1416 790
0.248000 31 1421 790
0.276000 31 1437 748
0.408000 30 1466 791
0.251000 31 1456 843
0.252000 30 1461 857
0.433000 30 1461 842
0.343000 30 1455 837
0.319000 30 1465 852
0.283000 29 1461 858
0.388000 30 1451 885
0.319000 29 1462 870
0.279000 28 1493 844
0.387000 28 1477 816
0.447000 28 1441 826
0.305000 29 1414 812
0.359000 28 1427 756
1.155000 28 1405 733
0.259000 27 1389 759
0.455000 28 1353 788
0.278000 27 1312 735
0.299000 27 1287 714
0.303000 28 1256 716
0.425000 28 1229 728
0.445000 28 1227 733
0.445000 28 1223 730
0.473000 28 1239 728
0.320000 27 1252 730
0.436000 27 1266 721
0.317000 27 1292 715
0.279000 26 1307 712
0.377000 27 1285 708
0.397000 27 1279 693
0.300000 27 1279 681
0.401000 27 1281 682
0.346000 26 1284 688
0.403000 27 1273 691
0.604000 28 1248 685
0.444000 27 1291 674
0.526000 26 1294 666
0.577000 28 1268 662
0.562000 27 1295 645
0.333000 26 1322 640
0.540000 27 1318 648
0.747000 28 1300 640
0.999000 27 1325 623
0.291000 26 1338 621
0.398000 26 1343 620
0.327000 26 1335 622
0.550000 26 1318 616
0.548000 27 1301 608
0.396000 26 1329 591
0.663000 28 1278 583
0.369000 26 1317 575
0.286000 26 1313 569
0.299000 26 1304 570
0.530000 26 1296 575
0.583000 26 1291 584
0.252000 26 1302 599
0.539000 25 1312 623
0.282000 25 1314 647
0.230000 25 1317 665
0.285000 25 1322 668
0.345000 24 1334 663
0.467000 25 1330 659
0.386000 25 1322 646
0.450000 25 1339 615
0.493000 25 1337 596
0.291000 25 1343 584
0.253000 25 1351 572
0.293000 24 1367 572
0.228000 24 1367 583
0.454000 25 1365 569
0.296000 25 1374 531
0.297000 24 1393 518
0.230000 24 1397 529
0.294000 24 1407 544
0.224000 24 1415 547
0.330000 25 1401 539
0.262000 24 1401 538
0.301000 24 1407 546
0.226000 24 1406 552
0.263000 24 1411 559
0.639000 24 1406 577
0.244000 24 1412 594
0.250000 24 1407 598
0.314000 24 1403 590
0.258000 23 1409 577
0.234000 24 1386 570
0.305000 24 1390 561
0.379000 24 1388 559
0.246000 24 1394 559
0.252000 23 1403 565
0.558000 23 1407 559
0.810000 24 1406 559
0.311000 23 1415 568
0.941000 23 1412 571
0.569000 23 1406 563
0.302000 23 1395 546
0.241000 23 1392 539
0.315000 23 1386 556
0.302000 23 1385 572
0.605000 24 1363 573
0.250000 23 1370 559
0.429000 23 1368 542
0.392000 23 1368 545
0.926000 24 1343 554
0.677000 25 1320 557
0.277000 23 1391 549
0.621000 25 1318 540
0.524000 23 1373 534
0.302000 23 1391 522
0.495000 23 1391 516
0.943000 23 1399 525
0.343000 23 1399 531
0.506000 23 1390 527
0.284000 23 1396 515
0.244000 23 1381 507
0.327000 23 1373 509
0.228000 23 1384 515
0.255000 23 1382 526
0.250000 23 1386 527
0.265000 23 1385 520
0.482000 23 1384 505
0.240000 23 1379 497
0.320000 22 1387 495
0.377000 23 1368 488
0.252000 23 1366 483
0.227000 23 1369 480
0.698000 23 1362 466
0.238000 23 1360 454
0.419000 23 1351 448
0.439000 23 1325 448
0.345000 23 1337 438
0.220000 23 1346 429
0.310000 23 1332 432
0.261000 23 1313 436
0.315000 23 1334 428
0.901000 25 1272 423
0.238000 22 1329 419
0.421000 22 1321 419
0.564000 23 1299 422
0.342000 23 1281 414
0.230000 23 1275 414
0.218000 23 1259 406
0.400000 23 1295 349
0.230000 23 1314 325
0.241000 23 1316 326
0.279000 24 1283 346
0.263000 23 1325 334
0.204000 22 1357 295
0.353000 21 1384 317
0.310000 23 1339 344
0.245000 22 1336 337
0.266000 22 1310 173
0.254000 23 1281 168
0.274000 22 1287 162
0.407000 22 1301 167
0.319000 23 1287 173
0.296000 23 1277 182
0.540000 23 1278 174
0.304000 23 1280 149
0.267000 23 1271 140
0.481000 23 1269 143
0.552000 23 1272 142
0.419000 22 1303 116
0.528000 22 1317 99
0.344000 23 1303 84
0.449000 23 1287 68
0.300000 24 1260 930
0.293000 24 1263 934
0.234000 23 1282 902
0.243000 22 1311 886
0.379000 21 1346 874
0.440000 22 1325 868
0.320000 22 1333 868
0.234000 21 1351 869
0.340000 22 1331 863
0.311000 22 1313 860
0.217000 21 1338 859
0.303000 22 1312 850
0.295000 22 1298 842
0.347000 21 1316 832
0.215000 22 1301 821
0.209000 21 1310 811
0.307000 22 1305 803
0.210000 21 1312 800
0.219000 22 1281 796
0.344000 21 1315 783
0.322000 22 1301 776
0.317000 21 1321 765
0.431000 21 1319 756
0.573000 21 1320 742
0.320000 21 1343 732
0.309000 21 1317 720
0.373000 22 1316 721
0.350000 21 1318 726
0.231000 21 1334 718
0.211000 21 1342 693
0.341000 22 1320 680
0.218000 21 1360 682
0.206000 21 1343 691
0.433000 21 1373 692
0.359000 21 1360 677
0.227000 21 1361 656
0.248000 21 1331 642
0.257000 21 1350 631
0.208000 21 1362 621
0.412000 20 1380 617
0.221000 21 1372 602
0.373000 21 1382 574
0.235000 21 1375 562
0.381000 20 1396 560
0.314000 20 1410 547
0.229000 20 1410 533
0.196000 20 1420 528
0.273000 20 1399 525
0.224000 20 1403 518
0.247000 20 1419 512
0.344000 20 1410 503
0.320000 21 1392 481
0.345000 21 1392 466
0.377000 21 1395 447
0.380000 20 1405 424
0.426000 20 1406 407
0.287000 20 1398 399
0.301000 21 1395 390
0.347000 20 1428 384
0.292000 20 1406 375
0.251000 20 1420 373
0.276000 21 1406 360
0.645000 20 1409 351
0.396000 16 1633 342
0.400000 15 1674 340
0.281000 15 1689 332
0.325000 15 1711 332
0.270000 15 1728 335
0.271000 15 1725 322
0.259000 19 1456 315
0.290000 20 1432 307
0.412000 20 1437 307
0.252000 19 1449 295
0.248000 19 1464 279
0.405000 19 1458 289
0.287000 19 1452 308
0.240000 19 1460 303
0.273000 19 1455 275
0.358000 19 1459 259
0.262000 19 1468 256
0.327000 19 1445 251
0.335000 19 1455 246
0.322000 19 1445 228
0.466000 19 1439 196
0.391000 19 1433 163
0.280000 19 1437 142
1.430000 19 1434 131
0.450000 19 1435 125
0.378000 19 1449 111
0.591000 19 1438 98
0.261000 19 1442 83
0.288000 19 1436 67
0.263000 19 1459 52
0.353000 19 1444 43
0.283000 19 1450 38
0.254000 19 1449 38
0.355000 18 1473 39
0.325000 18 1473 22
0.275000 19 1471 16
0.357000 19 1481 20
0.235000 18 1489 21
0.371000 19 1494 9
0.256000 19 1504 4294967282
0.228000 18 1519 4294967256
0.277000 19 1509 4294967245
0.370000 19 1522 4294967237
0.229000 18 1535 4294967222
0.500000 18 1537 4294967215
0.346000 18 1549 4294967219
0.433000 18 1548 4294967201
0.298000 18 1563 4294967162
0.323000 18 1569 4294967150
0.405000 18 1574 4294967143
0.347000 18 1588 4294967148
0.285000 18 1599 4294967159
0.249000 18 1620 4294967166
0.336000 18 1631 4294967177
0.471000 18 1642 4294967185
0.599000 18 1643 4294967198
0.382000 18 1639 4294967206
0.502000 18 1636 4294967189
0.310000 18 1640 4294967172
0.442000 18 1635 4294967172
0.416000 18 1626 4294967182
0.654000 18 1629 4294967175
0.228000 18 1623 4294967155
0.234000 18 1621 4294967145
0.302000 19 1607 4294967140
0.237000 18 1609 4294967126
0.338000 19 1602 4294967127
0.566000 18 1594 4294967135
0.326000 19 1580 4294967131
0.266000 19 1581 4294967107
0.265000 19 1578 4294967104
0.204000 19 1577 4294967115
0.215000 18 1580 4294967115
0.343000 19 1578 4294967095
0.391000 19 1580 4294967083
0.235000 19 1582 4294967073
0.543000 19 1588 4294967059
0.442000 19 1582 4294967040
0.367000 19 1587 4294967027
0.452000 19 1577 4294967024
0.650000 19 1579 4294967019
0.614000 19 1586 4294967017
0.436000 19 1578 4294967015
0.350000 19 1573 4294967009
0.389000 19 1576 4294967009
0.507000 19 1562 4294967010
0.370000 19 1575 4294966990
0.250000 19 1575 4294966973
0.332000 19 1558 4294966969
0.295000 19 1567 4294966960
0.618000 19 1563 4294966948
0.730000 19 1563 4294966940
0.452000 19 1573 4294966927
0.563000 19 1570 4294966901
0.295000 19 1569 4294966877
0.349000 19 1573 4294966862
0.378000 19 1569 4294966852
0.421000 19 1560 4294966842
0.321000 19 1579 4294966835
0.221000 19 1554 4294966845
0.356000 19 1551 4294966849
0.255000 19 1532 4294966848
0.221000 19 1528 4294966840
0.342000 19 1505 4294966832
0.316000 19 1500 4294966834
0.219000 19 1484 4294966837
0.269000 20 1454 4294966836
0.218000 20 1452 4294966838
0.236000 20 1432 4294966842
0.342000 20 1426 4294966846
0.217000 20 1416 4294966852
0.220000 20 1408 4294966849
0.294000 20 1404 4294966849
0.367000 20 1404 4294966865
0.351000 15 1726 4294966889
0.293000 19 1529 4294966895
0.332000 19 1486 4294966893
0.355000 20 1462 4294966882
0.347000 20 1477 4294966884
0.229000 14 1839 32
0.244000 20 1494 4294966880
0.220000 20 1494 4294966869
0.206000 13 1889 18
0.250000 20 1494 4294966860
0.273000 21 1495 4294966844
0.350000 20 1503 4294966834
0.279000 27 1418 252
0.348000 24 1497 204
0.277000 23 1532 4294966620
0.482000 23 1597 233
0.427000 24 1575 251
0.312000 23 1596 248
0.378000 24 1584 224
0.276000 23 1595 208
0.240000 23 1606 168
0.370000 23 1614 160
0.368000 23 1602 156
0.198000 23 1611 157
0.245000 23 1608 144
0.390000 23 1617 137
0.587000 24 1581 129
0.434000 24 1597 120
0.230000 23 1617 119
0.402000 24 1594 109
0.298000 23 1623 91
0.446000 23 1608 85
0.258000 23 1609 86
0.300000 23 1638 75
0.333000 23 1638 50
0.229000 23 1635 27
0.420000 23 1646 11
0.498000 23 1651 6
0.458000 23 1650 4294967287
0.336000 23 1673 4294967241
0.266000 23 1691 4294967231
0.236000 23 1698 4294967226
0.713000 24 1672 4294967219
0.232000 23 1698 4294967204
0.245000 22 1732 4294967196
0.361000 23 1716 4294967187
0.354000 24 1700 4294967187
0.424000 23 1718 4294967192
0.239000 23 1740 4294967174
0.311000 23 1731 4294967168
0.254000 23 1735 4294967149
0.365000 23 1740 4294967116
0.368000 23 1749 4294967075
0.336000 23 1754 4294967031
0.386000 23 1745 4294966984
0.379000 23 1738 4294966965
0.466000 23 1747 4294966965
0.294000 23 1751 4294966958
0.266000 23 1748 4294966959
0.325000 23 1731 4294966993
0.452000 23 1733 4294967003
0.241000 23 1738 4294967025
0.422000 23 1725 4294967042
0.237000 23 1731 4294967052
0.363000 22 1747 4294967073
0.203000 22 1752 4294967101
0.282000 23 1705 4294967108
0.260000 23 1690 4294967116
0.330000 23 1692 4294967125
0.744000 24 1675 4294967149
0.206000 22 1703 4294967181
0.308000 23 1690 4294967181
0.709000 23 1669 4294967199
0.366000 24 1655 4294967215
0.419000 23 1679 4294967211
0.503000 23 1669 4294967198
0.374000 23 1667 4294967190
0.329000 23 1666 4294967197
0.439000 23 1680 4294967219
0.912000 23 1680 4294967254
0.453000 23 1683 4294967264
0.649000 23 1682 4294967243
0.628000 24 1682 4294967224
0.261000 23 1692 4294967209
0.329000 24 1692 4294967201
0.431000 24 1697 4294967205
0.212000 24 1703 4294967190
0.356000 23 1724 4294967162
0.887000 24 1709 4294967154
0.414000 24 1726 4294967156
0.382000 24 1726 4294967145
0.248000 24 1735 4294967134
0.349000 24 1733 4294967127
0.312000 24 1737 4294967126
0.371000 24 1746 4294967131
0.259000 24 1737 4294967135
0.449000 24 1747 4294967126
0.233000 24 1739 4294967122
0.233000 24 1735 4294967116
0.458000 24 1738 4294967118
0.359000 24 1738 4294967130
0.217000 24 1728 4294967149
0.360000 24 1741 4294967144
0.486000 24 1736 4294967134
0.370000 24 1750 4294967128
0.371000 24 1738 4294967129
0.361000 24 1743 4294967128
0.251000 24 1741 4294967123
0.244000 25 1737 4294967131
0.479000 25 1739 4294967133
0.410000 25 1729 4294967124
0.393000 25 1729 4294967115
0.403000 25 1731 4294967117
0.412000 25 1726 4294967115
0.363000 25 1731 4294967117
0.385000 25 1728 4294967116
0.338000 25 1732 4294967116
0.337000 25 1742 4294967109
0.441000 25 1746 4294967116
0.248000 25 1739 4294967137
0.275000 25 1737 4294967135
0.738000 25 1739 4294967126
0.271000 25 1745 4294967128
0.269000 26 1741 4294967138
0.277000 26 1740 4294967152
0.290000 26 1730 4294967147
0.455000 26 1737 4294967139
0.330000 26 1728 4294967130
0.271000 25 1738 4294967138
0.344000 26 1724 4294967145
0.285000 26 1717 4294967149
0.234000 26 1724 4294967154
0.295000 26 1718 4294967146
0.244000 26 1715 4294967143
0.308000 26 1718 4294967148
0.659000 27 1699 4294967152
0.523000 27 1697 4294967137
0.409000 27 1701 4294967132
0.443000 27 1694 4294967136
0.359000 28 1677 4294967147
0.433000 27 1688 4294967152
0.393000 27 1691 4294967148
0.569000 27 1675 4294967143
0.402000 27 1686 4294967142
0.742000 27 1673 4294967164
0.503000 28 1656 4294967188
0.544000 29 1628 4294967186
0.961000 29 1621 4294967231
0.996000 29 1628 4294967239
0.940000 29 1637 4294967241
0.600000 29 1641 4294967234
0.456000 28 1649 4294967234
0.435000 28 1660 4294967245
0.363000 28 1646 4294967243
0.236000 27 1670 4294967242
0.344000 28 1646 4294967249
0.239000 28 1643 4294967242
0.248000 28 1652 4294967236
0.300000 28 1651 4294967231
0.388000 29 1638 4294967229
0.514000 28 1652 4294967231
0.280000 28 1666 4294967220
0.353000 30 1648 4294967234
0.305000 30 1655 4294967226
0.264000 29 1685 4294967216
0.315000 29 1681 4294967218
0.236000 29 1684 4294967236
0.319000 29 1680 4294967243
0.325000 29 1681 4294967224
0.416000 31 1627 4294967244
0.301000 30 1613 4294967244
0.322000 31 1561 4294967228
0.697000 31 1549 4294967226
0.427000 31 1544 4294967216
0.511000 33 1516 4294967202
0.300000 33 1493 4294967196
0.271000 33 1482 4294967180
0.323000 33 1474 4294967178
0.398000 33 1450 4294967172
0.363000 32 1449 4294967145
0.290000 34 1374 4294967119
0.441000 34 1370 4294967126
0.226000 33 1395 4294967126
0.437000 33 1396 493
0.301000 34 1386 4294967133
0.401000 34 1409 480
0.261000 31 1461 415
0.423000 32 1452 407
0.269000 33 1435 385
0.299000 32 1458 347
0.527000 34 1428 4294966960
0.247000 32 1458 328
0.296000 31 1481 305
0.285000 31 1481 312
0.248000 32 1464 316
0.288000 31 1471 318
0.377000 31 1471 328
0.457000 33 1458 339
0.326000 32 1472 347
0.295000 31 1488 358
0.260000 30 1510 355
0.436000 31 1496 351
0.420000 30 1515 358
0.253000 30 1519 362
0.243000 29 1527 368
0.252000 30 1518 364
0.458000 31 1509 374
0.303000 31 1508 376
0.314000 31 1503 375
0.273000 30 1521 387
0.448000 31 1499 394
0.315000 31 1487 388
0.596000 31 1499 379
0.272000 30 1522 361
0.273000 30 1537 354
0.370000 31 1533 363
0.489000 31 1529 376
0.407000 30 1544 368
0.271000 30 1546 350
0.233000 29 1577 358
0.480000 31 1548 374
0.294000 29 1571 399
0.709000 30 1568 415
0.428000 29 1584 398
0.379000 29 1572 398
0.311000 28 1590 414
0.263000 29 1583 422
0.299000 28 1595 420
0.422000 29 1581 416
0.286000 29 1588 415
0.255000 29 1596 410
0.205000 25 1682 407
0.214000 25 1688 402
0.343000 25 1710 398
0.287000 25 1705 404
0.342000 23 1768 402
0.241000 22 1790 404
0.313000 22 1793 407
0.508000 22 1789 402
0.334000 23 1781 410
0.404000 23 1775 419
0.708000 29 1636 414
0.287000 28 1646 412
0.520000 29 1628 412
0.834000 30 1606 411
0.275000 29 1630 411
0.299000 29 1633 410
0.499000 28 1640 409
0.615000 32 1585 401
0.577000 31 1605 390
0.312000 29 1630 377
0.255000 28 1649 368
0.486000 29 1634 366
0.623000 30 1612 360
0.904000 30 1614 340
1.355000 30 1619 318
0.881000 28 1644 302
0.677000 29 1642 305
0.372000 29 1635 303
0.342000 29 1630 304
0.335000 29 1630 316
0.367000 29 1632 320
0.374000 29 1624 322
0.389000 29 1628 325
0.563000 29 1629 324
0.561000 28 1632 330
0.374000 29 1623 339
0.293000 29 1626 341
0.270000 29 1623 338
0.611000 28 1631 338
0.439000 28 1639 339
0.276000 28 1641 345
0.297000 28 1647 345
1.095000 29 1638 338
0.273000 28 1645 338
0.364000 28 1645 346
0.561000 28 1648 357
0.264000 28 1646 371
0.246000 28 1648 383
0.280000 27 1663 394
0.698000 28 1643 414
0.425000 27 1657 444
1.088000 27 1662 479
0.831000 27 1655 549
0.516000 27 1649 586
0.658000 27 1655 617
0.966000 27 1649 652
0.794000 27 1647 707
0.401000 26 1660 761
0.224000 26 1649 821
0.248000 26 1653 882
0.285000 26 1648 937
0.367000 26 1648 995
0.258000 25 1652 1072
0.336000 25 1655 1150
0.673000 25 1653 1219
0.633000 25 1677 1342
0.324000 26 1655 1401
0.264000 25 1669 1439
0.614000 26 1648 1467
0.397000 25 1682 1500
1.008000 27 1641 1531
0.246000 25 1679 1516
0.268000 25 1677 1510
0.368000 26 1660 1495
0.383000 25 1672 1484
0.345000 25 1667 1464
0.289000 25 1652 1444
0.274000 25 1648 1420
0.284000 25 1645 1401
0.366000 25 1648 1385
0.231000 25 1647 1375
0.323000 26 1636 1341
0.275000 25 1655 1346
0.411000 25 1643 1342
0.284000 25 1652 1335
0.258000 25 1641 1337
0.327000 25 1644 1343
0.705000 25 1639 1353
0.233000 25 1639 1347
0.295000 25 1644 1360
0.233000 25 1641 1378
0.253000 24 1650 1384
0.275000 25 1626 1374
0.385000 25 1643 1371
0.345000 25 1642 1384
0.680000 24 1647 1401
0.372000 24 1653 1421
0.307000 25 1647 1421
0.198000 24 1651 1414
0.294000 24 1661 1418
0.264000 24 1660 1433
0.300000 25 1647 1456
0.248000 24 1662 1470
0.388000 24 1666 1476
0.233000 24 1658 1483
0.273000 24 1665 1492
0.369000 24 1659 1499
0.201000 24 1664 1512
0.304000 25 1663 1520
0.390000 25 1661 1525
0.216000 25 1681 1526
0.235000 25 1684 1544
0.901000 27 1636 1578
0.243000 25 1676 1601
0.440000 26 1675 1622
0.210000 25 1681 1651
0.413000 25 1679 1686
0.243000 25 1685 1739
0.299000 25 1688 1763
0.243000 25 1697 1773
0.395000 26 1686 1784
0.273000 26 1695 1797
0.218000 26 1686 1834
0.354000 26 1689 1833
0.415000 26 1697 1824
0.344000 26 1697 1825
0.233000 26 1700 1832
0.219000 26 1711 1833
0.302000 26 1710 1832
0.345000 26 1710 1824
0.321000 25 1723 1813
0.338000 26 1712 1795
0.284000 25 1725 1789
0.384000 26 1721 1775
0.316000 26 1720 1747
0.289000 26 1729 1713
0.241000 26 1733 1682
0.250000 26 1728 1641
0.363000 26 1733 1601
0.287000 26 1752 1557
0.723000 27 1748 1459
0.262000 27 1744 1406
0.361000 27 1760 1346
0.539000 27 1754 1277
0.346000 27 1761 1203
0.235000 28 1762 1129
0.294000 28 1768 1055
0.258000 28 1776 982
0.248000 27 1795 902
0.506000 29 1776 825
0.322000 29 1775 742
0.912000 33 1736 652
0.457000 33 1757 416
0.323000 31 1791 350
0.352000 32 1781 273
0.330000 32 1799 205
0.663000 33 1789 158
0.256000 34 1790 79
0.398000 34 1784 27
0.288000 32 1839 4294967217
1.148000 36 1790 4294967215
0.451000 35 1794 4294967203
0.699000 37 1776 4294967196
0.432000 32 1824 4294967193
0.198000 32 1829 4294967199
0.359000 34 1816 4294967209
0.462000 31 1848 4294967218
0.199000 34 1806 4294967226
0.242000 36 1777 4294967263
0.244000 35 1777 4294967280
0.262000 36 1768 37
0.551000 36 1766 178
0.303000 32 1806 224
0.247000 32 1804 270
0.210000 30 1828 329
0.889000 33 1776 381
0.536000 31 1811 431
0.224000 30 1824 491
0.348000 30 1813 563
0.743000 29 1768 1383
0.244000 28 1777 1429
0.239000 28 1769 1415
