0.562000 29 1459 103
0.361000 29 1449 103
0.456000 29 1451 114
0.430000 29 1450 112
0.530000 29 1467 119
0.558000 29 1458 116
0.323000 29 1456 117
0.398000 29 1462 119
0.298000 29 1461 112
0.681000 29 1460 112
0.433000 30 1457 113
0.322000 30 1451 109
0.437000 30 1455 111
0.402000 30 1442 120
0.289000 30 1432 118
0.251000 30 1419 120
0.413000 31 1377 106
0.664000 31 1366 98
0.425000 30 1370 105
0.658000 30 1361 104
1.067000 30 1352 125
0.676000 30 1343 122
0.453000 30 1339 112
0.567000 27 1421 96
0.307000 20 1592 409
0.521000 25 1431 101
0.295000 25 1431 97
0.521000 27 1375 92
0.414000 25 1420 93
0.484000 30 1313 102
0.462000 30 1333 126
0.345000 29 1346 137
0.331000 30 1329 121
0.387000 31 1318 94
0.444000 31 1339 73
0.715000 32 1325 77
0.575000 32 1335 74
0.616000 32 1335 67
0.595000 32 1345 74
0.403000 34 1343 91
0.460000 33 1379 80
0.513000 33 1395 82
0.401000 34 1396 75
0.450000 32 1427 70
0.704000 34 1412 99
0.470000 33 1394 109
0.407000 34 1392 96
0.345000 33 1476 721
0.222000 32 1499 719
0.268000 33 1527 746
0.607000 33 1523 752
0.410000 33 1523 769
0.414000 32 1516 801
0.434000 32 1511 811
0.451000 33 1450 878
0.673000 31 1406 865
0.536000 33 1338 854
0.685000 32 1359 834
0.396000 32 1364 812
0.779000 31 1392 807
0.273000 31 1398 823
0.377000 31 1395 833
0.514000 33 1359 825
0.260000 32 1383 811
0.764000 32 1386 798
0.400000 29 1436 804
0.430000 30 1432 818
0.232000 32 1403 819
0.363000 31 1427 811
0.252000 31 1435 811
0.639000 31 1437 827
0.327000 30 1445 793
0.372000 32 1417 791
0.403000 31 1421 789
0.534000 30 1441 745
0.230000 30 1467 792
0.550000 31 1455 841
0.612000 30 1461 859
0.389000 30 1466 842
0.452000 30 1455 836
0.627000 30 1467 853
0.780000 29 1456 858
0.340000 30 1457 883
0.276000 29 1459 871
0.422000 28 1493 846
0.495000 28 1479 814
0.555000 28 1441 826
0.466000 29 1414 812
0.351000 28 1427 757
0.408000 28 1401 731
0.467000 27 1388 761
0.596000 28 1353 788
0.657000 28 1321 773
0.325000 27 1311 733
0.375000 27 1288 712
0.803000 28 1256 717
0.744000 28 1229 729
0.459000 28 1219 734
0.490000 28 1230 731
0.390000 27 1241 729
0.591000 27 1256 730
0.395000 27 1268 723
0.219000 27 1290 712
0.453000 26 1308 712
0.485000 27 1287 711
0.381000 27 1286 693
0.466000 27 1273 682
0.713000 27 1284 682
0.837000 27 1269 688
0.702000 27 1271 689
0.787000 26 1287 685
0.916000 27 1290 673
0.730000 26 1293 667
0.687000 28 1262 661
0.524000 27 1290 646
1.291000 26 1322 640
0.807000 27 1320 650
0.747000 28 1298 638
0.708000 28 1306 625
0.426000 26 1336 622
0.307000 26 1338 621
0.792000 27 1322 622
0.539000 26 1329 618
0.853000 27 1297 607
0.652000 26 1325 590
0.796000 28 1280 585
0.639000 26 1319 573
0.452000 26 1307 570
1.334000 27 1291 572
0.719000 27 1279 574
0.647000 25 1310 583
0.487000 26 1304 601
0.669000 25 1311 621
0.447000 25 1314 647
0.378000 25 1319 667
0.703000 25 1322 666
1.911000 25 1326 663
0.314000 25 1330 659
0.262000 25 1322 646
0.290000 25 1339 615
0.802000 25 1337 596
0.718000 25 1343 584
0.266000 25 1351 572
0.613000 24 1367 572
0.247000 24 1367 583
0.713000 25 1365 569
0.419000 25 1370 532
0.462000 24 1397 517
0.382000 25 1393 530
0.465000 24 1408 544
0.579000 24 1413 547
0.214000 25 1402 539
0.377000 24 1403 538
0.882000 24 1406 546
0.224000 24 1407 552
0.604000 24 1407 560
0.495000 24 1410 576
0.372000 24 1408 595
0.251000 24 1403 599
0.410000 24 1398 591
0.448000 23 1407 578
0.231000 24 1390 569
0.407000 23 1398 568
0.457000 24 1389 559
0.353000 24 1388 559
0.381000 24 1394 561
0.589000 23 1404 563
0.788000 23 1407 559
0.768000 24 1405 559
0.626000 23 1423 565
1.046000 23 1415 572
0.856000 23 1404 564
0.457000 23 1401 545
0.368000 23 1391 539
0.466000 23 1393 556
0.440000 23 1386 570
0.760000 23 1389 571
0.489000 23 1371 562
0.675000 24 1343 543
0.709000 23 1374 543
0.478000 23 1379 556
0.878000 25 1319 557
0.479000 23 1384 549
0.723000 25 1337 540
0.387000 23 1375 532
0.690000 23 1392 522
0.704000 23 1391 519
0.687000 23 1399 523
0.603000 23 1397 531
0.653000 23 1388 530
0.370000 23 1398 513
0.246000 23 1379 507
0.823000 23 1375 511
0.353000 22 1388 515
1.668000 23 1377 526
0.275000 23 1386 527
0.578000 23 1385 520
0.554000 23 1384 505
0.393000 23 1379 497
0.308000 22 1387 495
0.620000 23 1368 488
0.429000 23 1366 483
0.334000 23 1369 480
0.707000 23 1362 466
0.347000 23 1360 454
0.311000 23 1351 448
0.462000 23 1325 448
0.223000 23 1337 438
0.358000 23 1346 429
0.486000 23 1332 432
0.472000 23 1314 434
0.626000 23 1334 429
1.042000 25 1273 421
0.658000 22 1332 418
0.294000 23 1318 420
0.601000 23 1303 421
0.529000 23 1278 415
0.364000 23 1278 414
0.462000 23 1262 406
0.377000 23 1294 348
0.357000 23 1314 325
0.214000 23 1316 326
0.672000 24 1283 346
0.378000 23 1325 334
0.357000 22 1357 295
0.324000 21 1384 317
0.244000 23 1339 344
0.477000 22 1336 337
0.453000 22 1310 173
0.246000 23 1281 168
0.335000 22 1287 162
0.356000 22 1303 168
0.506000 23 1286 172
0.532000 22 1281 183
0.724000 23 1277 176
0.473000 23 1282 148
0.266000 23 1274 140
0.436000 23 1268 144
0.459000 23 1269 141
0.496000 22 1307 117
0.400000 22 1316 99
0.383000 23 1303 85
0.424000 23 1287 69
0.233000 24 1260 930
0.400000 24 1263 934
0.475000 23 1282 902
0.313000 22 1311 886
0.318000 21 1346 874
0.510000 22 1325 868
0.225000 22 1333 868
0.356000 21 1351 869
0.384000 22 1331 863
0.347000 22 1313 860
0.421000 21 1337 857
0.390000 22 1311 848
0.304000 22 1297 842
0.349000 21 1316 832
0.331000 22 1301 821
0.230000 21 1310 811
0.504000 22 1305 803
0.351000 21 1312 800
0.297000 22 1281 796
0.383000 21 1315 783
0.226000 22 1301 776
0.232000 21 1321 765
0.438000 21 1319 756
0.386000 21 1320 742
0.225000 21 1343 732
0.407000 22 1315 721
0.372000 22 1317 719
0.378000 21 1316 726
0.228000 21 1335 718
0.258000 21 1344 695
0.219000 22 1321 681
0.248000 21 1358 681
0.458000 21 1345 694
0.405000 21 1344 691
0.508000 21 1373 692
0.253000 21 1360 677
0.214000 21 1361 656
0.327000 21 1331 642
0.221000 21 1350 631
0.322000 21 1362 621
0.532000 20 1380 617
0.603000 21 1372 602
0.544000 21 1382 574
0.239000 21 1375 562
0.457000 20 1396 560
0.468000 20 1410 547
0.328000 20 1410 533
0.218000 20 1420 528
0.379000 20 1399 525
0.207000 20 1403 518
0.381000 20 1419 512
0.338000 20 1410 503
0.380000 21 1392 481
0.370000 21 1392 466
0.247000 21 1395 447
0.372000 20 1405 424
0.440000 20 1406 407
0.532000 20 1398 399
0.507000 21 1395 390
0.370000 20 1428 384
0.239000 20 1406 375
0.399000 20 1420 373
0.434000 21 1406 360
0.413000 20 1409 351
0.279000 19 1477 352
0.218000 16 1631 341
0.442000 15 1677 341
0.247000 15 1689 332
0.350000 15 1711 332
0.361000 15 1728 335
0.232000 15 1725 322
0.380000 19 1456 315
0.227000 20 1432 307
0.405000 20 1437 307
0.379000 19 1449 295
0.210000 19 1464 279
0.427000 19 1458 289
0.390000 19 1452 308
0.197000 19 1460 303
0.406000 19 1449 277
0.410000 19 1458 260
0.273000 18 1480 256
0.433000 19 1444 251
0.355000 19 1453 245
0.373000 19 1447 229
0.431000 19 1439 196
0.644000 19 1433 163
0.481000 19 1437 142
0.537000 19 1434 131
0.578000 19 1435 125
0.261000 19 1449 111
0.624000 19 1438 98
0.470000 19 1442 83
0.334000 19 1436 67
0.329000 19 1459 52
0.393000 19 1444 43
0.297000 19 1450 38
0.440000 19 1449 38
0.713000 18 1473 39
0.471000 18 1473 22
0.497000 19 1471 16
0.240000 19 1481 20
0.299000 18 1489 21
0.431000 19 1494 9
0.402000 19 1504 4294967282
0.281000 18 1519 4294967256
0.421000 19 1509 4294967245
0.391000 19 1522 4294967237
0.373000 18 1535 4294967222
0.418000 18 1537 4294967215
0.533000 18 1549 4294967219
0.383000 18 1548 4294967201
0.376000 18 1558 4294967182
0.447000 18 1561 4294967163
0.262000 18 1571 4294967149
0.768000 18 1574 4294967143
0.339000 18 1590 4294967150
0.423000 18 1597 4294967156
0.485000 18 1622 4294967166
0.520000 18 1631 4294967179
0.672000 19 1633 4294967185
0.952000 18 1643 4294967196
0.402000 18 1639 4294967206
0.490000 18 1636 4294967189
0.525000 18 1640 4294967172
0.276000 18 1635 4294967172
0.228000 18 1626 4294967182
0.903000 18 1629 4294967175
0.444000 18 1623 4294967155
0.365000 18 1621 4294967145
0.327000 19 1607 4294967140
0.343000 18 1609 4294967126
0.829000 19 1602 4294967127
0.467000 18 1594 4294967135
0.278000 19 1580 4294967131
0.388000 19 1581 4294967107
0.395000 19 1578 4294967104
0.196000 19 1577 4294967115
0.371000 18 1580 4294967115
0.460000 19 1578 4294967095
0.713000 19 1581 4294967083
0.353000 19 1582 4294967074
0.365000 18 1591 4294967060
0.712000 19 1580 4294967038
0.195000 19 1588 4294967029
0.476000 19 1587 4294967027
0.510000 19 1575 4294967025
0.409000 19 1584 4294967017
0.487000 19 1591 4294967016
0.377000 19 1584 4294967017
0.201000 19 1577 4294967010
0.660000 19 1580 4294967011
0.411000 19 1561 4294967009
0.411000 19 1576 4294966990
0.499000 19 1574 4294966972
0.446000 19 1558 4294966969
0.194000 19 1567 4294966960
0.509000 19 1563 4294966948
0.556000 19 1563 4294966940
0.411000 19 1573 4294966927
0.408000 19 1570 4294966901
0.665000 19 1569 4294966877
0.501000 19 1573 4294966862
0.411000 19 1569 4294966852
0.415000 19 1560 4294966842
0.375000 19 1579 4294966835
0.378000 19 1554 4294966845
0.268000 19 1551 4294966849
0.574000 19 1532 4294966848
0.397000 19 1528 4294966840
0.453000 19 1505 4294966832
0.534000 19 1500 4294966834
0.636000 19 1484 4294966837
0.395000 20 1454 4294966836
0.230000 20 1452 4294966838
0.670000 20 1432 4294966842
0.401000 20 1426 4294966846
0.399000 20 1416 4294966852
0.411000 20 1408 4294966849
0.498000 20 1399 4294966849
0.246000 20 1402 4294966865
0.340000 20 1441 4294966875
0.413000 15 1740 4294966889
0.433000 19 1529 4294966895
0.320000 19 1486 4294966893
0.409000 20 1462 4294966882
0.364000 20 1477 4294966884
0.330000 14 1839 32
0.322000 20 1494 4294966880
0.219000 20 1494 4294966869
0.263000 13 1889 18
0.322000 20 1494 4294966859
0.421000 21 1493 4294966843
0.398000 20 1503 4294966833
0.654000 20 1508 4294966831
0.442000 27 1419 251
0.367000 24 1495 204
0.297000 23 1534 4294966621
0.512000 24 1550 4294966647
0.309000 24 1595 231
0.346000 24 1582 253
0.581000 23 1595 248
0.555000 24 1584 225
0.319000 23 1598 208
0.393000 23 1608 166
0.330000 23 1614 159
0.413000 23 1601 157
0.320000 23 1611 155
0.341000 23 1608 143
0.441000 23 1615 138
0.387000 24 1586 131
0.269000 24 1597 122
0.269000 23 1616 118
0.716000 24 1594 108
0.481000 23 1623 91
0.414000 23 1608 85
0.501000 23 1609 86
0.645000 23 1638 75
0.543000 23 1638 50
0.375000 23 1635 27
0.501000 23 1646 11
0.477000 23 1651 6
0.388000 23 1640 4294967295
0.262000 23 1650 4294967287
0.556000 23 1673 4294967241
0.462000 23 1691 4294967231
0.664000 23 1698 4294967226
0.871000 24 1672 4294967219
0.379000 23 1698 4294967204
0.610000 22 1732 4294967196
0.460000 23 1715 4294967186
0.524000 24 1699 4294967187
0.355000 23 1718 4294967191
0.395000 23 1740 4294967174
0.429000 23 1732 4294967166
0.368000 23 1737 4294967147
0.353000 23 1734 4294967116
0.587000 23 1750 4294967075
0.657000 23 1755 4294967031
0.740000 23 1747 4294966984
0.258000 23 1740 4294966966
0.553000 23 1746 4294966963
0.494000 23 1753 4294966959
0.634000 23 1745 4294966962
0.315000 23 1733 4294966994
0.414000 23 1733 4294967003
0.372000 23 1738 4294967025
0.410000 23 1725 4294967042
0.329000 23 1727 4294967053
0.359000 22 1747 4294967074
0.390000 22 1749 4294967102
0.595000 23 1705 4294967108
0.368000 23 1689 4294967117
0.356000 23 1692 4294967125
0.549000 24 1675 4294967149
0.281000 22 1703 4294967181
0.424000 23 1681 4294967179
0.303000 23 1690 4294967183
0.663000 23 1669 4294967197
0.344000 24 1655 4294967215
0.585000 23 1679 4294967211
0.329000 23 1669 4294967198
0.802000 23 1667 4294967190
0.451000 23 1666 4294967197
0.345000 23 1680 4294967219
0.249000 23 1680 4294967254
0.436000 24 1675 4294967269
0.429000 23 1682 4294967262
0.721000 23 1684 4294967245
0.353000 24 1682 4294967224
0.410000 23 1692 4294967209
0.339000 24 1692 4294967201
0.466000 24 1697 4294967205
0.202000 24 1703 4294967190
0.391000 23 1724 4294967162
0.830000 24 1709 4294967154
0.279000 24 1726 4294967156
0.321000 23 1733 4294967156
0.366000 24 1726 4294967145
0.344000 24 1735 4294967134
0.590000 24 1733 4294967127
0.380000 24 1737 4294967126
0.485000 24 1746 4294967131
0.355000 24 1737 4294967135
0.750000 24 1747 4294967126
0.460000 24 1739 4294967122
0.389000 24 1735 4294967116
0.451000 24 1738 4294967118
0.386000 24 1738 4294967130
0.239000 24 1728 4294967149
0.248000 24 1741 4294967144
0.487000 24 1736 4294967134
0.244000 24 1750 4294967128
0.343000 24 1737 4294967129
0.407000 24 1739 4294967131
0.460000 24 1742 4294967126
0.795000 25 1737 4294967122
0.472000 25 1739 4294967133
0.221000 25 1737 4294967131
0.595000 25 1729 4294967124
0.460000 25 1731 4294967117
0.236000 25 1729 4294967115
0.473000 25 1726 4294967115
0.396000 25 1731 4294967117
0.371000 25 1728 4294967116
0.501000 25 1732 4294967116
0.254000 25 1743 4294967106
0.304000 25 1744 4294967117
0.333000 25 1743 4294967131
0.336000 25 1734 4294967136
0.233000 25 1736 4294967135
0.411000 25 1741 4294967129
0.389000 25 1743 4294967126
0.382000 25 1744 4294967140
0.602000 26 1738 4294967153
0.383000 26 1733 4294967146
0.567000 26 1732 4294967137
0.568000 26 1729 4294967132
0.636000 26 1727 4294967138
0.288000 26 1726 4294967143
0.661000 26 1719 4294967152
0.843000 26 1714 4294967154
0.718000 26 1717 4294967147
0.362000 26 1715 4294967143
0.296000 26 1718 4294967148
0.356000 26 1715 4294967157
0.574000 27 1698 4294967153
0.814000 27 1700 4294967138
0.819000 27 1698 4294967131
0.680000 27 1694 4294967136
0.605000 27 1686 4294967147
0.638000 27 1681 4294967152
0.250000 27 1691 4294967149
0.585000 27 1673 4294967141
0.417000 27 1688 4294967139
0.723000 27 1669 4294967165
0.471000 28 1658 4294967187
0.732000 29 1621 4294967205
0.839000 29 1620 4294967230
1.135000 29 1630 4294967241
0.772000 29 1635 4294967239
0.403000 29 1641 4294967234
0.445000 28 1651 4294967236
0.600000 28 1658 4294967242
0.448000 28 1648 4294967245
0.457000 27 1672 4294967240
0.374000 28 1644 4294967249
0.343000 28 1645 4294967244
0.470000 28 1650 4294967233
0.496000 28 1651 4294967231
0.653000 29 1640 4294967231
0.272000 28 1650 4294967229
0.283000 28 1664 4294967220
0.710000 28 1672 4294967209
0.416000 30 1651 4294967235
0.389000 30 1655 4294967226
0.215000 29 1682 4294967216
0.404000 29 1683 4294967219
0.476000 29 1681 4294967234
0.253000 29 1682 4294967246
0.350000 29 1679 4294967222
0.539000 31 1628 4294967245
0.612000 30 1613 4294967244
0.385000 31 1562 4294967227
0.669000 31 1551 4294967228
0.591000 31 1544 4294967216
0.501000 33 1516 4294967202
0.334000 33 1481 4294967179
0.669000 33 1473 4294967177
0.531000 33 1449 4294967171
0.327000 32 1449 4294967144
0.274000 34 1374 4294967119
0.465000 34 1372 4294967128
0.804000 33 1391 4294967126
0.334000 33 1396 494
0.434000 34 1388 4294967131
0.411000 34 1407 478
0.304000 31 1461 415
0.446000 32 1452 407
0.437000 32 1452 398
0.492000 33 1435 386
0.612000 32 1458 346
0.256000 32 1455 327
0.297000 29 1501 302
0.306000 31 1478 306
0.262000 31 1481 312
0.241000 32 1464 316
0.516000 31 1471 318
0.390000 31 1471 328
0.309000 31 1485 334
0.285000 33 1454 338
0.280000 32 1468 349
0.236000 31 1490 356
0.242000 30 1506 352
0.260000 31 1494 350
0.246000 30 1517 359
0.503000 30 1520 362
0.529000 29 1523 366
0.491000 30 1521 365
0.249000 30 1527 365
0.521000 31 1509 375
0.244000 31 1508 376
0.273000 31 1503 375
0.575000 30 1521 387
0.690000 31 1499 394
0.493000 31 1487 388
0.530000 31 1499 379
0.453000 30 1522 361
0.552000 30 1537 354
0.588000 31 1533 363
0.679000 31 1529 376
0.504000 30 1544 368
0.415000 30 1546 350
0.236000 29 1577 358
0.483000 31 1548 374
0.420000 29 1571 399
0.489000 30 1568 415
0.589000 29 1573 408
0.253000 29 1581 398
0.596000 29 1574 401
0.487000 29 1589 414
0.764000 29 1583 422
0.373000 28 1595 420
0.460000 29 1581 416
0.289000 29 1588 415
0.288000 29 1596 410
0.337000 25 1682 407
0.229000 25 1688 402
0.314000 25 1710 398
0.225000 25 1705 404
0.214000 24 1730 403
0.400000 23 1768 402
0.365000 22 1792 406
0.413000 22 1791 404
0.809000 22 1787 400
0.474000 23 1782 411
0.366000 23 1773 419
0.516000 29 1639 416
0.566000 28 1646 414
0.445000 29 1633 411
0.857000 28 1635 413
0.218000 29 1629 412
0.656000 28 1633 408
0.923000 28 1640 409
0.829000 32 1585 401
1.163000 31 1605 390
0.639000 29 1630 377
0.240000 28 1649 368
0.712000 29 1634 366
0.748000 30 1612 360
0.849000 30 1614 340
0.538000 30 1619 318
0.950000 28 1644 302
1.202000 30 1617 307
1.164000 30 1617 304
0.449000 29 1639 302
0.671000 29 1632 307
0.544000 31 1602 314
0.358000 29 1633 322
0.353000 29 1624 322
0.606000 29 1628 325
0.541000 29 1629 324
0.530000 28 1632 330
0.456000 29 1623 339
0.395000 28 1637 341
0.755000 29 1622 338
0.428000 29 1630 338
0.372000 28 1636 336
0.244000 28 1639 339
0.416000 28 1641 345
0.731000 28 1647 345
0.886000 29 1638 338
0.655000 28 1645 338
0.488000 28 1645 346
0.535000 28 1648 357
0.671000 28 1646 371
0.589000 28 1650 382
0.724000 27 1661 395
0.420000 28 1645 413
0.391000 27 1652 446
0.779000 27 1659 481
0.891000 27 1651 512
0.808000 27 1655 549
0.662000 27 1649 586
0.721000 27 1655 617
1.008000 27 1649 652
0.478000 27 1647 707
0.273000 26 1660 761
0.362000 26 1649 821
0.266000 26 1653 882
0.380000 26 1648 937
0.362000 26 1648 995
0.423000 25 1652 1072
0.459000 25 1655 1150
0.267000 25 1653 1219
0.345000 26 1650 1290
0.373000 26 1653 1348
0.382000 25 1659 1401
0.305000 25 1671 1441
0.935000 25 1673 1463
0.478000 25 1681 1499
0.418000 25 1666 1531
0.245000 25 1684 1508
0.494000 25 1681 1518
0.759000 25 1675 1507
0.789000 26 1660 1495
0.381000 25 1672 1484
0.376000 25 1667 1464
0.379000 25 1652 1444
0.212000 25 1648 1420
0.402000 25 1645 1401
0.584000 25 1648 1385
0.372000 25 1647 1375
0.400000 25 1642 1356
0.409000 25 1641 1340
0.489000 25 1655 1344
0.390000 25 1645 1342
0.378000 25 1647 1336
0.683000 25 1649 1337
0.603000 25 1635 1346
0.570000 25 1642 1354
0.390000 25 1635 1346
0.236000 25 1642 1361
0.207000 25 1643 1380
0.353000 24 1648 1381
0.233000 25 1626 1374
0.252000 25 1643 1371
0.248000 25 1642 1384
0.619000 25 1645 1400
0.603000 25 1644 1413
0.330000 25 1650 1420
0.539000 25 1651 1422
0.482000 24 1651 1414
0.663000 24 1661 1418
0.574000 24 1660 1433
0.532000 25 1647 1456
0.317000 24 1662 1470
0.246000 24 1666 1476
0.391000 24 1658 1483
0.497000 24 1665 1492
0.382000 24 1659 1499
0.308000 24 1667 1511
0.402000 24 1674 1520
0.365000 25 1664 1523
0.201000 25 1679 1526
0.390000 25 1683 1544
0.852000 27 1637 1577
0.371000 25 1676 1601
0.399000 26 1675 1622
0.515000 25 1681 1651
0.247000 25 1679 1686
0.498000 25 1683 1713
0.410000 25 1687 1738
0.341000 26 1684 1764
0.361000 25 1703 1773
0.343000 26 1675 1785
0.200000 26 1695 1797
0.366000 26 1686 1834
0.303000 26 1689 1833
0.655000 26 1697 1824
0.381000 26 1697 1825
0.350000 26 1700 1832
0.344000 26 1711 1833
0.537000 26 1710 1832
0.396000 26 1710 1824
0.345000 25 1723 1813
0.329000 26 1712 1795
0.674000 25 1725 1789
0.383000 26 1721 1775
0.455000 26 1720 1747
0.440000 26 1729 1713
0.344000 26 1733 1682
0.347000 26 1728 1641
0.549000 26 1740 1599
0.598000 26 1746 1556
0.649000 26 1760 1505
0.728000 26 1751 1454
0.198000 27 1744 1406
0.377000 27 1760 1346
0.185000 27 1754 1277
0.370000 27 1761 1203
0.438000 28 1762 1129
0.341000 28 1768 1055
0.339000 28 1776 982
0.344000 27 1795 902
0.241000 29 1776 825
0.384000 29 1775 742
1.168000 33 1736 652
0.567000 30 1794 492
0.386000 30 1791 420
0.276000 31 1794 346
0.587000 32 1781 272
0.607000 32 1793 205
0.378000 33 1792 156
0.237000 34 1790 79
0.471000 35 1781 28
0.461000 32 1837 4294967227
0.309000 32 1838 4294967218
0.902000 35 1795 4294967214
0.665000 35 1794 4294967204
0.415000 32 1830 4294967207
0.843000 36 1784 4294967194
0.408000 32 1824 4294967193
0.421000 32 1829 4294967199
0.238000 34 1816 4294967209
0.425000 31 1848 4294967218
0.393000 34 1806 4294967226
0.663000 36 1777 4294967263
0.363000 35 1777 4294967280
0.336000 36 1768 37
0.614000 34 1786 109
0.831000 35 1771 177
0.882000 35 1762 225
0.437000 32 1804 271
0.424000 30 1828 328
0.853000 33 1776 381
0.736000 31 1811 431
0.344000 30 1824 491
0.539000 30 1813 563
0.351000 28 1784 1183
0.665000 28 1773 1384
0.395000 28 1777 1429
0.226000 29 1768 1416
0.534000 27 1779 1373
0.362000 26 1646 1536
0.486000 23 1658 1267
0.409000 21 1636 969
0.463000 20 1650 872
0.354000 19 1656 661
0.369000 18 1657 563
0.533000 16 1689 380
0.572000 17 1641 302
0.223000 16 1650 229
0.379000 15 1649 153
0.238000 15 1666 80
0.234000 15 1648 31
0.384000 14 1629 4294967275
0.369000 14 1640 4294967225
0.203000 14 1619 4294967187
0.385000 14 1599 4294967161
0.241000 14 1586 4294967136
0.359000 13 1602 4294967115
0.512000 13 1598 4294967110
0.681000 13 1597 4294967098
0.316000 13 1600 4294967084
0.581000 12 1612 4294967064
0.198000 13 1574 4294967054
0.303000 13 1563 4294967054
0.461000 13 1545 4294967063
0.262000 13 1559 4294967068
0.445000 13 1562 4294967076
0.348000 12 1594 4294967089
0.615000 12 1581 4294967110
0.200000 12 1574 4294967141
0.532000 12 1573 4294967171
0.342000 12 1584 4294967210
0.620000 12 1565 4294967264
0.219000 13 1541 32
0.492000 13 1558 110
0.373000 13 1564 188
0.368000 13 1562 280
0.472000 13 1567 383
0.269000 13 1572 491
0.405000 13 1574 613
0.224000 13 1568 753
0.216000 13 1578 898
0.364000 13 1595 1051
0.262000 14 1567 1210
0.472000 14 1599 1380
0.421000 14 1568 1538
0.387000 15 1574 2179
0.241000 17 1523 2294
0.247000 16 1589 2394
0.227000 18 1667 1640
0.433000 18 1670 1695
0.573000 18 1639 1732
0.214000 19 1636 1758
0.402000 18 1661 1823
0.283000 18 1653 1825
0.255000 18 1681 1830
0.304000 18 1694 1843
0.208000 18 1699 1850
0.200000 18 1721 1842
0.200000 18 1716 1810
0.402000 19 1692 1784
0.341000 19 1686 1772
0.371000 25 1655 2240
0.668000 25 1678 2185
0.537000 26 1669 2122
0.414000 26 1697 2055
0.251000 26 1719 2008
0.425000 27 1723 1962
0.738000 29 1710 1912
0.393000 29 1725 1866
0.223000 29 1740 1842
0.391000 31 1719 1823
0.218000 30 1745 1798
0.455000 32 1744 1766
0.551000 31 1764 1757
0.268000 31 1777 1777
0.490000 31 1778 1788
0.407000 32 1770 1797
0.551000 34 1746 1802
0.476000 33 1765 1798
0.437000 34 1745 1796
0.517000 33 1763 1795
0.570000 33 1765 1808
0.613000 33 1762 1821
0.509000 34 1745 1824
0.337000 32 1778 1824
0.224000 29 1808 1831
0.465000 32 1769 1843
0.840000 32 1768 1860
0.473000 31 1767 1891
0.672000 32 1750 1929
0.402000 32 1748 1963
0.445000 32 1739 1988
1.690000 32 1726 2029
0.419000 30 1731 2070
0.261000 29 1725 2162
0.353000 31 1686 2213
0.620000 30 1681 2273
0.240000 29 1682 2326
0.451000 29 1680 2379
0.371000 28 1685 2439
0.441000 24 1739 2197
0.471000 32 1777 2512
0.468000 32 1772 2527
0.384000 33 1771 2518
0.478000 33 1767 2506
0.662000 33 1776 2503
0.773000 33 1781 2511
0.461000 33 1785 2527
0.557000 32 1798 2533
0.383000 32 1790 2533
0.525000 32 1789 2528
0.252000 29 1836 2486
0.602000 30 1831 2471
0.348000 29 1838 2437
0.619000 29 1837 2387
0.331000 29 1845 2340
0.320000 30 1837 2298
0.443000 30 1845 2239
0.607000 31 1829 2171
0.514000 29 1869 2093
0.401000 29 1872 2034
0.712000 31 1847 1961
0.457000 28 1894 1887
0.775000 28 1929 1510
0.385000 28 1951 1337
0.299000 29 1943 1242
0.466000 29 1952 1156
0.215000 29 1954 1066
0.335000 29 1952 991
0.419000 29 1962 929
0.434000 29 1957 868
0.357000 30 1954 813
0.313000 29 1962 765
0.197000 29 1959 720
0.281000 30 1956 680
0.237000 30 1959 646
0.344000 30 1951 625
0.519000 30 1956 608
0.324000 29 1968 591
0.637000 30 1955 564
0.695000 31 1937 549
0.621000 30 1943 540
0.369000 29 1957 542
0.570000 30 1957 544
0.348000 30 1963 533
0.380000 30 1958 519
0.812000 30 1966 506
0.626000 30 1955 502
0.462000 30 1964 489
0.323000 30 1962 471
0.449000 30 1964 459
0.317000 32 1961 426
0.467000 31 1968 413
0.297000 31 1980 405
0.338000 32 1969 384
0.453000 32 1973 361
0.597000 36 1931 306
0.660000 36 1941 281
0.492000 34 1973 260
0.700000 34 1974 242
0.381000 36 1973 145
0.487000 37 1981 62
0.266000 38 1982 40
0.642000 42 1987 4294967026
0.482000 43 1987 4294966994
0.345000 41 1992 4294966863
0.254000 46 1953 4294966804
0.382000 48 1949 4294966717
0.450000 51 1948 4294966541
0.471000 59 1905 4294966947
0.537000 56 1848 741
0.419000 42 2012 303
0.584000 45 1989 294
0.736000 46 1989 286
0.517000 44 1995 274
0.600000 46 1987 245
0.465000 44 1999 215
0.398000 44 1994 213
0.465000 43 2004 222
0.399000 45 1993 224
0.509000 42 2010 222
0.432000 42 2005 220
0.776000 42 2003 229
0.387000 42 1998 240
0.486000 42 1995 238
0.458000 42 1992 242
0.428000 41 1992 259
0.382000 40 1989 269
0.512000 40 1994 278
0.592000 39 1986 293
0.405000 37 1991 312
0.410000 37 1992 336
