2.660000
5.488000
1.799000
1.111000
1.580000
2.446000
5.700000
2.094000
2.227000
2.186000
1.455000
2.160000
2.461000
2.148000
1.099000
2.716000
4.786000
2.211000
4.510000
2.321000
2.280000
1.136000
1.508000
2.453000
1.194000
1.400000
1.397000
1.269000
3.197000
1.270000
1.336000
1.197000
1.655000
2.584000
3.581000
1.216000
1.416000
1.243000
1.302000
1.697000
1.264000
1.312000
3.138000
1.134000
1.275000
1.164000
1.356000
1.168000
1.118000
1.221000
1.365000
1.462000
1.138000
1.389000
1.737000
3.976000
1.727000
1.280000
1.275000
1.184000
1.163000
1.285000
1.482000
1.809000
1.268000
1.782000
1.189000
1.200000
1.190000
1.163000
1.196000
1.481000
1.194000
1.405000
1.567000
1.354000
4.741000
5.742000
4.494000
1.721000
1.479000
2.038000
1.333000
1.310000
1.304000
1.126000
1.371000
1.105000
1.295000
1.259000
1.380000
1.253000
3.674000
1.983000
1.530000
1.214000
1.217000
1.239000
1.168000
1.668000
1.190000
1.307000
3.795000
1.139000
1.221000
1.196000
1.208000
1.106000
1.167000
1.140000
1.358000
2.412000
2.386000
2.217000
1.560000
1.233000
1.287000
1.226000
1.220000
1.242000
1.710000
1.222000
3.857000
1.245000
3.766000
1.163000
1.129000
1.128000
1.144000
1.391000
1.328000
1.348000
1.213000
1.229000
1.857000
2.605000
1.492000
1.581000
2.353000
1.124000
1.414000
1.229000
1.198000
1.207000
1.228000
1.249000
3.994000
1.107000
1.389000
1.417000
1.863000
1.136000
1.141000
1.526000
1.175000
1.196000
2.582000
1.325000
3.606000
1.275000
1.235000
1.405000
1.556000
1.374000
1.361000
2.212000
1.721000
2.406000
1.184000
1.134000
1.399000
1.200000
1.210000
1.458000
1.291000
1.318000
1.295000
1.997000
3.211000
1.386000
1.419000
1.153000
1.328000
1.103000
1.197000
1.631000
1.192000
3.613000
1.471000
3.422000
1.080000
2.938000
1.219000
1.136000
1.277000
2.402000
1.107000
1.134000
1.109000
1.225000
1.136000
1.273000
1.557000
4.345000
2.146000
1.246000
1.201000
1.235000
1.220000
1.368000
2.466000
4.996000
2.993000
1.097000
1.255000
1.151000
1.212000
1.135000
1.151000
1.149000
1.105000
1.447000
1.153000
1.462000
1.732000
1.239000
1.136000
1.741000
1.591000
1.267000
1.258000
1.313000
1.254000
1.568000
1.321000
3.593000
1.515000
1.114000
3.046000
1.114000
1.105000
1.078000
1.449000
1.139000
1.171000
2.382000
3.224000
1.195000
1.042000
1.217000
1.198000
1.455000
2.316000
1.164000
2.026000
1.470000
1.675000
2.053000
1.233000
1.030000
2.833000
1.076000
1.060000
1.075000
1.069000
1.131000
1.088000
1.089000
1.087000
1.441000
1.128000
2.500000
3.270000
2.475000
1.273000
1.317000
1.164000
1.201000
1.191000
1.640000
1.238000
1.469000
3.135000
1.088000
1.067000
1.100000
1.046000
1.197000
1.074000
1.109000
1.440000
1.162000
1.124000
1.287000
1.504000
1.079000
5.077000
1.874000
1.191000
1.335000
2.325000
1.243000
1.581000
1.421000
1.592000
1.565000
1.964000
1.057000
1.117000
1.083000
1.301000
1.385000
1.200000
1.009000
1.435000
2.325000
1.473000
1.225000
3.232000
1.329000
2.803000
2.562000
1.517000
1.436000
1.221000
1.124000
2.083000
1.102000
1.671000
1.150000
3.720000
1.217000
3.557000
1.292000
1.089000
1.089000
1.046000
1.088000
1.112000
2.216000
1.064000
1.106000
1.633000
1.570000
2.330000
1.239000
4.088000
1.652000
1.349000
1.237000
1.133000
1.305000
1.181000
1.331000
2.366000
1.735000
1.148000
1.439000
1.445000
1.372000
1.336000
1.291000
1.486000
1.176000
1.432000
3.396000
1.988000
1.962000
1.426000
1.180000
1.300000
1.168000
1.607000
1.148000
1.166000
1.091000
1.117000
1.008000
3.063000
2.020000
1.354000
2.499000
1.223000
1.747000
1.076000
2.087000
2.095000
6.103000
2.058000
1.470000
1.261000
5.031000
1.587000
1.161000
1.133000
2.747000
1.189000
1.135000
1.403000
1.147000
3.606000
1.181000
1.192000
1.177000
1.327000
1.150000
1.462000
1.200000
3.246000
2.002000
1.140000
1.198000
1.238000
1.167000
1.460000
2.149000
1.354000
1.583000
1.364000
3.623000
1.581000
1.558000
1.350000
1.431000
1.369000
1.372000
1.323000
1.428000
1.201000
1.418000
4.009000
1.563000
1.326000
1.288000
1.189000
1.263000
1.393000
1.173000
1.668000
1.120000
2.715000
1.157000
1.342000
1.102000
1.291000
1.100000
1.374000
1.163000
1.271000
1.361000
1.432000
1.211000
1.188000
2.550000
1.105000
1.087000
1.977000
1.039000
1.195000
1.139000
1.189000
1.568000
1.165000
3.586000
1.683000
3.542000
2.982000
1.383000
4.694000
1.105000
2.037000
1.252000
2.729000
1.416000
1.280000
4.019000
1.291000
1.296000
2.497000
1.345000
1.557000
1.226000
1.749000
1.250000
1.951000
3.960000
1.132000
1.121000
1.321000
1.225000
1.188000
2.379000
1.233000
1.387000
3.691000
3.716000
1.125000
1.213000
1.787000
2.297000
1.247000
1.235000
1.173000
1.487000
1.379000
1.140000
1.031000
1.200000
3.516000
1.460000
1.072000
2.762000
1.489000
1.660000
1.873000
1.293000
1.491000
4.781000
1.156000
1.047000
1.231000
1.774000
1.232000
1.112000
2.089000
1.621000
1.109000
2.356000
1.115000
1.093000
1.022000
1.289000
3.089000
2.936000
2.730000
1.255000
1.062000
1.064000
1.060000
1.308000
1.097000
1.248000
1.069000
1.197000
1.195000
3.664000
6.421000
1.476000
1.051000
1.185000
1.123000
1.196000
1.021000
1.568000
1.422000
1.038000
1.232000
3.483000
1.109000
1.122000
3.878000
1.133000
1.103000
1.563000
5.496000
1.114000
2.413000
1.656000
4.253000
1.165000
4.459000
1.440000
1.126000
1.200000
1.602000
4.171000
1.588000
1.211000
1.270000
1.078000
1.001000
1.125000
1.041000
1.064000
1.978000
1.295000
1.143000
2.402000
3.943000
1.086000
1.081000
2.783000
1.429000
1.105000
1.052000
1.210000
4.976000
2.302000
2.947000
1.039000
1.283000
1.590000
1.149000
1.114000
1.619000
2.971000
1.247000
2.278000
1.183000
1.094000
1.469000
1.401000
2.848000
1.070000
1.156000
1.115000
2.870000
1.136000
2.675000
1.543000
1.196000
1.098000
