8.585000
18.057000
5.824000
4.773000
9.213000
5.371000
5.552000
5.771000
384.319000
6.546000
4.042000
2.707000
3.146000
3.227000
8563.183000
8.523000
1564.029000
31564.963000
3.878000
6.340000
980.009000
2.951000
29208.552000
23811.293000
4038.818000
2.434000
2357.206000
416.723000
319.112000
2.985000
5.240000
1556.000000
8242.663000
2183.342000
4.055000
627.869000
1868.684000
4.361000
5.872000
33.041000
5028.794000
38747.646000
4.208000
4.755000
1.129000
1.129000
1.072000
1.133000
7.430000
1.133000
5.471000
3.777000
3.226000
2.936000
2.279000
2.906000
1.158000
1.209000
3.145000
1.213000
4.662000
1.139000
1.469000
2.822000
1.681000
1.274000
1.090000
1.789000
1.458000
2.728000
1.232000
1.170000
1.306000
2.841000
1.630000
1.423000
5.366000
1.132000
1.720000
1.114000
1.031000
1.150000
1.141000
1.253000
1.137000
1.135000
3.517000
1.822000
1.212000
1.427000
1.253000
1.051000
1.010000
1.136000
4.347000
3.492000
1.662000
1.222000
1.138000
1.384000
1.603000
2.215000
1.554000
4.162000
2.290000
1.236000
1.115000
1.498000
1.054000
1.220000
2.014000
1.033000
3.953000
3.630000
1.157000
1.142000
3.197000
1.259000
4.572000
3.525000
3.419000
3.731000
2.435000
2.416000
3.977000
1.575000
2.737000
1.103000
5.537000
3.160000
4.216000
3.640000
4.177000
3.403000
3.083000
2.806000
1.139000
1.085000
0.962000
3.947000
5.594000
1.623000
1.448000
3.052000
0.996000
1.586000
1.337000
1.583000
1.884000
1.403000
1.176000
1.113000
1.374000
1.217000
1.213000
1.585000
2.751000
1.380000
1.188000
1.131000
4.324000
1.134000
1.463000
1.061000
5.081000
2.678000
1.109000
1.683000
1.460000
1.721000
1.384000
1.283000
1.541000
2.752000
1.888000
1.226000
1.025000
4.609000
1.313000
1.146000
1.104000
3.603000
1.701000
1.265000
1.581000
1.577000
1.900000
1.354000
1.202000
1.821000
3.976000
1.015000
2.257000
0.980000
1.085000
1.055000
2.777000
1.773000
1.441000
1.226000
5.678000
2.609000
1.033000
5.258000
2.490000
1.214000
1.416000
3.224000
2.485000
1.854000
1.319000
1.196000
2.485000
1.318000
1.108000
4.352000
2.468000
1.238000
1.249000
1.750000
2.219000
1.487000
1.356000
1.435000
1.146000
1.359000
1.662000
1.039000
1.578000
1.804000
1.780000
2.291000
1.408000
1.251000
3.004000
1.099000
1.418000
1.235000
1.315000
1.562000
3.310000
2.465000
1.297000
1.156000
1.180000
1.169000
3.770000
1.519000
1.253000
1.639000
1.120000
1.129000
0.984000
1.129000
1.059000
4.681000
2.736000
2.038000
1.152000
1.125000
0.936000
3.563000
1.081000
1.638000
1.585000
4.576000
1.246000
1.067000
1.344000
1.865000
1.242000
2.135000
3.588000
3.519000
3.823000
1.441000
4.497000
3.395000
3.894000
3.627000
1.192000
4.187000
3.077000
3.415000
1.228000
1.090000
3.618000
3.714000
5.299000
1.421000
2.088000
3.168000
3.458000
1.961000
1.244000
1.651000
2.345000
1.165000
2.594000
1.203000
1.109000
1.107000
1.227000
1.069000
1.900000
1.261000
1.202000
1.268000
6.246000
2.112000
1.567000
1.307000
0.981000
1.357000
1.110000
0.988000
1.138000
1.278000
1.216000
4.817000
1.244000
1.108000
1.437000
1.009000
1.364000
1.179000
1.680000
1.072000
1.086000
1.301000
1.249000
1.551000
2.835000
1.611000
3.720000
2.448000
1.132000
1.647000
1.237000
4.316000
2.661000
1.269000
2.617000
1.027000
2.201000
1.373000
1.952000
3.909000
3.294000
3.508000
1.114000
1.123000
3.724000
2.159000
1.190000
1.340000
1.249000
1.019000
1.107000
1.046000
2.470000
1.101000
2.075000
1.181000
1.132000
1.711000
1.378000
2.438000
1.318000
2.837000
1.236000
1.704000
3.773000
1.198000
4.647000
3.961000
2.857000
3.803000
3.899000
3.445000
1.165000
1.241000
1.126000
5.972000
1.327000
1.736000
5.699000
1.117000
2.414000
1.199000
1.070000
3.342000
1.377000
1.214000
1.361000
1.204000
1.228000
1.570000
1.655000
1.824000
1.180000
1.102000
1.283000
1.223000
1.105000
1.043000
1.319000
1.197000
1.055000
1.132000
1.417000
1.391000
1.568000
1.131000
1.051000
1.284000
1.648000
1.226000
2.118000
1.629000
2.322000
5.515000
3.926000
1.125000
1.081000
1.004000
3.731000
1.330000
1.407000
1.156000
2.725000
2.398000
1.090000
1.209000
1.474000
1.279000
1.377000
1.364000
2.317000
1.100000
1.115000
0.965000
1.839000
1.183000
1.081000
1.379000
1.157000
1.156000
1.071000
4.116000
3.252000
1.262000
1.198000
4.151000
2.932000
3.261000
2.408000
4.987000
4.987000
7.371000
179.504000
2.365000
2.049000
6.483000
6.483000
1.355000
2.580000
2.580000
4.656000
1.483000
2.703000
5.454000
3038375643186752657001614288715764851123257853908220952457539972532117678326897878671677933247511445978020697667988122832968897355439507165606890813590275471024937603532934128599040.000000
3.109000
3038375643186752657001614288715764851123257853908220952457539972532117678326897878671677933247511445978020697667988122832968897355439507165606890813590275471024937603532934128599040.000000
4.250000
3.899000
3.314000
6.625000
3.080000
1.191000
1.168000
1.158000
1.145000
1.156000
1.141000
2.557000
1.175000
1.167000
3.309000
1.621000
1.134000
2.569000
4.849000
4.029000
2.381000
1.151000
1.866000
2.449000
1.219000
1.662000
1.399000
2.285000
1.216000
2.319000
1.297000
2.171000
1.301000
1.520000
1.173000
1.186000
1.689000
1.281000
1.154000
1.860000
2.346000
4.047000
1.649000
1.680000
1.915000
1.290000
1.218000
1.153000
1.139000
1.284000
1.142000
1.383000
1.332000
1.746000
1.220000
1.575000
2.835000
1.140000
1.217000
1.299000
1.309000
1.280000
1.989000
1.370000
1.680000
3.036000
5.345000
1.249000
1.503000
1.243000
1.560000
3.072000
1.785000
1.196000
1.282000
1.376000
1.171000
2.454000
1.866000
3.789000
3.048000
1.235000
1.187000
1.192000
1.184000
3.724000
1.415000
1.655000
2.299000
1.738000
2.215000
1.517000
2.583000
1.958000
1.292000
2.914000
2.900000
1.815000
1.292000
1.287000
1.398000
1.399000
1.249000
2.330000
3.364000
1.369000
2.283000
1.815000
3.612000
1.274000
2.961000
1.515000
1.493000
1.560000
1.693000
1.434000
1.796000
1.735000
1.368000
2.210000
2.241000
2.663000
1.277000
2.818000
2.200000
1.584000
3.650000
1.436000
1.247000
2.771000
3038375643186752657001614288715764851123257853908220952457539972532117678326897878671677933247511445978020697667988122832968897355439507165606890813590275471024937603532934128599040.000000
2.429000
3.054000
1.424000
1.728000
1.852000
2.890000
1.739000
2.246000
1.361000
1.459000
1.368000
3.805000
2.706000
1.176000
1.243000
1.205000
1.216000
1.206000
1.199000
1.238000
1.203000
1.203000
1.242000
1.465000
2.196000
1.512000
2.161000
6.832000
2.102000
3.360000
3.946000
3.786000
3.663000
3.204000
1.437000
1.407000
1.916000
4.812000
4.308000
2.498000
1.227000
1.211000
2.449000
2.390000
1.446000
2.374000
3.219000
2.517000
6.241000
1.983000
2.070000
2.039000
1.683000
1.917000
1.487000
3.338000
2.136000
1.873000
2.331000
1.247000
1.341000
1.977000
3.089000
1.692000
4.070000
3.106000
3.351000
1.717000
1.369000
1.289000
1.318000
2.520000
1.223000
1.189000
1.453000
1.620000
2.759000
1.223000
1.304000
1.337000
4.147000
3.777000
2.664000
2.442000
2.035000
1.225000
2.180000
1.228000
2.005000
1.333000
1.552000
1.259000
1.359000
1.865000
1.154000
1.655000
2.438000
2.628000
2.387000
2.016000
1.420000
1.693000
1.178000
1.719000
1.750000
1.499000
1.697000
2.827000
2.754000
2.956000
3.175000
1.427000
2.520000
3.747000
1.890000
3.341000
1.257000
4.123000
1.233000
1.273000
1.775000
3.906000
2.675000
2.561000
4.451000
1.754000
3.212000
3.203000
2.137000
2.469000
1.887000
2.385000
2.586000
1.174000
1.680000
3.183000
1.297000
3.630000
1.322000
1.716000
1.253000
1.240000
1.365000
1.271000
3.874000
2.379000
1.962000
3.543000
4.908000
2.841000
2.521000
2.904000
1.624000
1.620000
2.454000
1.431000
2.590000
1.804000
2.841000
1.435000
1.706000
1.387000
3.020000
3.038000
2.081000
3.544000
1.236000
1.451000
2.027000
1.334000
1.736000
2.578000
5.052000
3.067000
1.190000
1.532000
1.593000
2.372000
4.318000
1.532000
2.340000
1.296000
3.786000
1.853000
2.136000
3.706000
1.412000
1.229000
1.485000
1.216000
1.679000
2.628000
3.025000
1.689000
1.753000
1.644000
1.859000
1.659000
1.951000
1.745000
1.161000
2.444000
1.138000
1.339000
1.107000
1.133000
1.119000
1.116000
1.211000
1.281000
1.484000
1.230000
1.154000
2.475000
1.132000
1.255000
1.149000
1.168000
2.369000
1.391000
1.314000
1.656000
1.406000
1.650000
2.229000
1.303000
1.275000
1.315000
1.327000
1.197000
1.687000
2.496000
1.404000
1.888000
1.166000
1.302000
1.235000
1.148000
1.280000
1.504000
1.529000
1.109000
1.168000
1.187000
1.148000
4.203000
1.136000
4.867000
2.888000
2.880000
1.917000
3.040000
1.093000
2.307000
1.121000
1.372000
1.115000
1.161000
1.363000
1.228000
1.655000
2.801000
1.161000
1.420000
1.318000
2.464000
1.822000
1.685000
1.243000
2.377000
1.274000
1.899000
1.669000
1.583000
1.534000
1.221000
1.180000
1.239000
1.433000
2.727000
1.440000
1.139000
2.108000
3.834000
2.041000
2.344000
